1000
    0.798     0.783     0.394     0.840
    0.768     0.335     0.198     0.912
    0.629     0.477     0.554     0.278
    0.916     0.952     0.513     0.365
    0.607     0.142     0.717     0.636
    0.804     0.137     0.243     0.016
    0.109     0.130     0.401     0.157
    0.839     0.513     0.218     0.999
    0.524     0.638     0.296     0.613
    0.771     0.293     0.973     0.494
    0.892     0.400     0.770     0.527
    0.919     0.808     0.352     0.283
    0.086     0.526     0.949     0.070
    0.349     0.890     0.663     0.192
    0.063     0.458     0.020     0.064
    0.851     0.902     0.971     0.238
    0.760     0.375     0.540     0.267
    0.039     0.532     0.668     0.513
    0.721     0.931     0.932     0.438
    0.354     0.640     0.739     0.284
    0.880     0.440     0.166     0.688
    0.893     0.229     0.330     0.829
    0.589     0.956     0.687     0.350
    0.924     0.440     0.859     0.657
    0.911     0.684     0.815     0.398
    0.920     0.950     0.216     0.482
    0.432     0.641     0.881     0.148
    0.307     0.786     0.281     0.620
    0.276     0.188     0.226     0.447
    0.907     0.170     0.417     0.556
    0.760     0.495     0.126     0.103
    0.383     0.684     0.935     0.985
    0.232     0.294     0.369     0.750
    0.732     0.152     0.244     0.584
    0.745     0.164     0.793     0.125
    0.522     0.053     0.950     0.075
    0.733     0.798     0.240     0.176
    0.760     0.639     0.967     0.657
    0.078     0.520     0.135     0.093
    0.820     0.461     0.205     0.070
    0.158     0.052     0.756     0.573
    0.125     0.890     0.204     1.000
    0.072     0.871     0.054     0.998
    0.180     0.594     0.923     0.004
    0.820     0.913     0.392     0.163
    0.453     0.579     0.552     0.359
    0.757     0.531     0.100     0.687
    0.878     0.577     0.992     0.304
    0.748     0.035     0.629     0.748
    0.831     0.873     0.925     0.833
    0.984     0.903     0.744     0.979
    0.830     0.164     0.497     0.667
    0.248     0.650     0.077     0.889
    0.317     0.701     0.229     0.629
    0.633     0.074     0.231     0.329
    0.971     0.511     0.651     0.224
    0.113     0.719     0.546     0.280
    0.451     0.944     0.593     0.471
    0.003     0.435     0.848     0.336
    0.234     0.833     0.598     0.345
    0.305     0.482     0.483     0.675
    0.041     0.622     0.183     0.712
    0.638     0.674     0.696     0.414
    0.627     0.609     0.185     0.347
    0.202     0.740     0.328     0.731
    0.257     0.653     0.685     0.921
    0.877     0.260     0.088     0.532
    0.362     0.111     0.094     0.686
    0.289     0.667     0.593     0.577
    0.190     0.330     0.288     0.776
    0.331     0.827     0.004     0.984
    0.919     0.959     0.436     0.188
    0.686     0.121     0.699     0.765
    0.916     0.943     0.774     0.384
    0.548     0.794     0.204     0.862
    0.874     0.910     0.905     0.297
    0.274     0.163     0.576     0.498
    0.849     0.464     0.492     0.865
    0.684     0.180     0.291     0.496
    0.492     0.603     0.139     0.728
    0.222     0.178     0.724     0.838
    0.360     0.138     0.121     0.499
    0.622     0.908     0.932     0.325
    0.335     0.496     0.818     0.837
    0.259     0.609     0.659     0.394
    0.647     0.108     0.073     0.151
    0.091     0.331     0.288     0.364
    0.265     0.584     0.934     0.427
    0.157     0.487     0.762     0.659
    0.208     0.518     0.626     0.883
    0.394     0.830     0.426     0.558
    0.639     0.729     0.326     0.244
    0.136     0.898     0.338     0.985
    0.774     0.783     0.005     0.411
    0.721     0.866     0.115     0.294
    0.708     0.986     0.449     0.049
    0.094     0.865     0.474     0.211
    0.657     0.302     0.383     0.100
    0.053     0.052     0.132     0.809
    0.443     0.692     0.781     0.458
    0.530     0.579     0.590     0.119
    0.889     0.304     0.362     0.595
    0.526     0.610     0.170     0.477
    0.830     0.234     0.596     0.619
    0.170     0.924     0.099     0.070
    0.291     0.827     0.225     0.482
    0.815     0.344     0.878     0.357
    0.778     0.257     0.036     0.659
    0.221     0.308     0.836     0.626
    0.675     0.110     0.612     0.198
    0.401     0.200     0.719     0.782
    0.386     0.231     0.434     0.316
    0.015     0.555     0.155     0.533
    0.737     0.305     0.382     0.380
    0.920     0.552     0.650     0.260
    0.312     0.698     0.810     0.686
    0.844     0.533     0.006     0.646
    0.401     0.519     0.643     0.618
    0.678     0.802     0.719     0.362
    0.686     0.064     0.033     0.153
    0.568     0.700     0.619     0.188
    0.262     0.305     0.006     0.001
    0.341     0.181     0.858     0.655
    0.313     0.653     0.879     0.667
    0.503     0.157     0.186     0.885
    0.191     0.904     0.676     0.829
    0.547     0.869     0.706     0.395
    0.927     0.233     0.932     0.739
    0.553     0.494     0.933     0.551
    0.594     0.814     0.800     0.939
    0.325     0.936     0.995     0.657
    0.759     0.638     0.589     0.874
    0.604     0.263     0.795     0.775
    0.865     0.795     0.167     0.471
    0.612     0.412     0.664     0.873
    0.148     0.539     0.646     0.597
    0.518     0.701     0.033     0.579
    0.490     0.113     0.515     0.833
    0.385     0.814     0.048     0.510
    0.413     0.144     0.452     0.638
    0.718     0.017     0.407     0.247
    0.447     0.583     0.813     0.574
    0.074     0.059     0.995     0.477
    0.220     0.223     0.597     0.641
    0.463     0.738     0.924     0.630
    0.949     0.953     0.851     0.439
    0.537     0.334     0.767     0.899
    0.466     0.950     0.478     0.219
    0.458     0.184     0.967     0.884
    0.258     0.905     0.766     0.780
    0.402     0.332     0.964     0.762
    0.191     0.622     0.554     0.561
    0.917     0.654     0.360     0.478
    0.110     0.865     0.607     0.211
    0.593     0.647     0.199     0.374
    0.561     0.059     0.596     0.677
    0.344     0.019     0.243     0.564
    0.771     0.601     0.924     0.009
    0.448     0.173     0.933     0.887
    0.966     0.639     0.795     0.488
    0.366     0.882     0.293     0.155
    0.273     0.476     0.748     0.899
    0.623     0.866     0.122     0.947
    0.282     0.184     0.925     0.719
    0.176     0.626     0.203     0.167
    0.014     0.947     0.228     0.127
    0.649     0.462     0.120     0.161
    0.071     0.614     0.101     0.915
    0.293     0.437     0.496     0.394
    0.191     0.566     0.912     0.244
    0.753     0.814     0.432     0.035
    0.524     0.036     0.998     0.356
    0.328     0.700     0.662     0.201
    0.050     0.341     0.647     0.889
    0.682     0.699     0.803     0.767
    0.298     0.752     0.313     0.904
    0.053     0.591     0.189     0.809
    0.136     0.244     0.157     0.101
    0.946     0.890     0.058     0.589
    0.257     0.469     0.925     0.056
    0.476     0.585     0.169     0.587
    0.582     0.527     0.926     0.816
    0.634     0.264     0.225     0.729
    0.348     0.932     0.017     0.538
    0.307     0.401     0.523     0.206
    0.269     0.443     0.645     0.680
    0.759     0.215     0.333     0.703
    0.845     0.016     0.684     0.258
    0.668     0.321     0.601     0.852
    0.256     0.250     0.848     0.527
    0.611     0.890     0.514     0.073
    0.737     0.959     0.821     0.531
    0.024     0.044     0.360     0.344
    0.708     0.293     0.487     0.005
    0.078     0.467     0.507     0.820
    0.043     0.923     0.484     0.191
    0.611     0.711     0.245     0.084
    0.166     0.867     0.962     0.093
    0.007     0.778     0.757     0.476
    0.923     0.744     0.736     0.579
    0.101     0.946     0.788     0.096
    0.095     0.810     0.239     0.275
    0.938     0.173     0.277     0.747
    0.845     0.981     0.097     0.761
    0.434     0.457     0.692     0.342
    0.130     0.600     0.324     0.654
    0.660     0.137     0.378     0.081
    0.211     0.582     0.881     0.114
    0.943     0.312     0.529     0.668
    0.515     0.038     0.122     0.768
    0.160     0.453     0.212     0.399
    0.650     0.005     0.434     0.308
    0.780     0.084     0.462     0.126
    0.867     0.910     0.685     0.786
    0.177     0.527     0.047     0.063
    0.596     0.388     0.110     0.928
    0.407     0.539     0.700     0.638
    0.222     0.922     0.578     0.822
    0.097     0.382     0.374     0.789
    0.934     0.747     0.387     0.808
    0.635     0.714     0.831     0.849
    0.579     0.502     0.625     0.516
    0.600     0.756     0.029     0.672
    0.777     0.196     0.144     0.139
    0.667     0.184     0.735     0.844
    0.102     0.888     0.106     0.313
    0.288     0.200     0.270     0.480
    0.507     0.222     0.947     0.658
    0.295     0.142     0.936     0.778
    0.233     0.873     0.645     0.561
    0.813     0.833     0.629     0.674
    0.618     0.590     0.028     0.773
    0.077     0.284     0.774     0.764
    0.360     0.179     0.173     0.880
    0.101     0.648     0.379     0.443
    0.104     0.608     0.869     0.326
    0.367     0.399     0.750     0.806
    0.068     0.600     0.272     0.394
    0.675     0.881     0.432     0.902
    0.224     0.292     0.472     0.461
    0.126     0.301     0.577     0.246
    0.192     0.486     0.480     0.749
    0.185     0.293     0.133     0.859
    0.809     0.289     0.901     0.003
    0.045     0.175     0.688     0.650
    0.861     0.113     0.775     0.960
    0.668     0.536     0.994     0.207
    0.712     0.892     0.829     0.466
    0.155     0.838     0.193     0.405
    0.533     0.347     0.324     0.674
    0.460     0.717     0.640     0.457
    0.192     0.269     0.006     0.541
    0.653     0.236     0.444     0.693
    0.426     0.514     0.349     0.219
    0.809     0.094     0.050     0.344
    0.284     0.521     0.987     0.879
    0.854     0.439     0.359     0.180
    0.140     0.386     0.786     0.683
    0.968     0.600     0.103     0.427
    0.803     0.159     0.869     0.109
    0.532     0.456     0.396     0.313
    0.089     0.959     0.970     0.745
    0.900     0.898     0.053     0.021
    0.220     0.184     0.419     0.040
    0.461     0.074     0.623     0.778
    0.836     0.602     0.460     0.409
    0.673     0.803     0.202     0.563
    0.385     0.475     0.963     0.071
    0.103     0.917     0.931     0.358
    0.921     0.192     0.876     0.901
    0.968     0.821     0.090     0.929
    0.287     0.188     0.005     0.509
    0.036     0.749     0.262     0.628
    0.285     0.872     0.351     0.722
    0.624     0.958     0.675     0.553
    0.996     0.009     0.433     0.638
    0.265     0.099     0.925     0.364
    0.730     0.186     0.291     0.801
    0.890     0.698     0.007     0.381
    0.639     0.177     0.886     0.012
    0.870     0.676     0.925     0.148
    0.829     0.155     0.548     0.276
    0.861     0.453     0.113     0.223
    0.910     0.857     0.461     0.546
    0.188     0.174     0.956     0.387
    0.628     0.917     0.360     0.247
    0.379     0.517     0.615     0.367
    0.650     0.018     0.694     0.502
    0.895     0.520     0.694     0.619
    0.464     0.724     0.675     0.241
    0.334     0.325     0.177     0.788
    0.025     0.244     0.182     0.638
    0.385     0.212     0.418     0.138
    0.145     0.013     0.130     0.778
    0.247     0.524     0.531     0.745
    0.844     0.897     0.542     0.225
    0.477     0.739     0.417     0.235
    0.881     0.941     0.463     0.092
    0.278     0.215     0.266     0.640
    0.587     0.303     0.458     0.448
    0.654     0.972     0.515     0.876
    0.390     0.799     0.985     0.645
    0.740     0.637     0.322     0.516
    0.100     0.584     0.534     0.864
    0.043     0.576     0.324     0.951
    0.427     0.924     0.518     0.787
    0.233     0.705     0.139     0.784
    0.473     0.819     0.008     0.597
    0.167     0.127     0.791     0.523
    0.291     0.557     0.926     0.776
    0.112     0.032     0.194     0.248
    0.678     0.212     0.616     0.727
    0.727     0.722     0.788     0.940
    0.090     0.154     0.646     0.306
    0.382     0.323     0.859     0.784
    0.390     0.855     0.142     0.867
    0.709     0.557     0.981     0.933
    0.155     0.000     0.114     0.907
    0.035     0.267     0.032     0.308
    0.587     0.713     0.479     0.648
    0.573     0.314     0.435     0.267
    0.865     0.663     0.468     0.080
    0.195     0.246     0.986     0.328
    0.060     0.585     0.101     0.128
    0.990     0.769     0.142     0.083
    0.564     0.144     0.769     0.256
    0.448     0.599     0.412     0.801
    0.158     0.036     0.312     0.890
    0.828     0.731     0.350     0.747
    0.145     0.692     0.394     0.818
    0.508     0.340     0.939     0.380
    0.123     0.568     0.925     0.040
    0.324     0.112     0.337     0.068
    0.907     0.888     0.257     0.106
    0.559     0.355     0.488     0.668
    0.547     0.716     0.391     0.800
    0.558     0.375     0.447     0.740
    0.221     0.704     0.067     0.841
    0.047     0.728     0.044     0.006
    0.037     0.169     0.296     0.969
    0.740     0.361     0.281     0.634
    0.206     0.647     0.249     0.538
    0.537     0.765     0.002     0.737
    0.134     0.084     0.481     0.393
    0.769     0.692     0.459     0.928
    0.533     0.989     0.395     0.527
    0.408     0.580     0.718     0.439
    0.648     0.445     0.749     0.014
    0.568     0.387     0.806     0.030
    0.792     0.775     0.034     0.055
    0.430     0.329     0.540     0.037
    0.949     0.563     0.414     0.021
    0.400     0.718     0.255     0.873
    0.089     0.933     0.707     0.650
    0.439     0.498     0.513     0.425
    0.292     0.087     0.943     0.262
    0.805     0.861     0.474     0.749
    0.545     0.597     0.635     0.508
    0.196     0.974     0.926     0.175
    0.213     0.144     0.538     0.340
    0.443     0.613     0.862     0.793
    0.994     0.532     0.546     0.569
    0.321     0.432     0.030     0.059
    0.722     0.613     0.519     0.973
    0.501     0.527     0.474     0.993
    0.284     0.046     0.124     0.109
    0.390     0.479     0.021     0.050
    0.351     0.603     0.624     0.559
    0.054     0.794     0.216     0.485
    0.822     0.048     0.326     0.763
    0.329     0.143     0.480     0.356
    0.992     0.052     0.756     0.999
    0.339     0.494     0.579     0.230
    0.753     0.623     0.540     0.703
    0.120     0.143     0.102     0.561
    0.212     0.471     0.747     0.726
    0.726     0.266     0.265     0.963
    0.947     0.548     0.314     0.591
    0.793     0.276     0.691     0.794
    0.677     0.785     0.328     0.447
    0.609     0.016     0.279     0.907
    0.380     0.362     0.639     0.819
    0.467     0.500     0.505     0.741
    0.215     0.679     0.971     0.252
    0.826     0.941     0.945     0.235
    0.052     0.773     0.488     0.258
    0.626     0.845     0.049     0.179
    0.283     0.302     0.630     0.377
    0.729     0.892     0.318     0.910
    0.698     0.109     0.254     0.957
    0.012     0.165     0.609     0.760
    0.815     0.227     0.844     0.580
    0.047     0.641     0.168     0.789
    0.835     0.099     0.414     0.656
    0.839     0.461     0.944     0.463
    0.484     0.122     0.763     0.574
    0.037     0.213     0.015     0.081
    0.029     0.735     0.322     0.269
    0.511     0.041     0.900     0.931
    0.533     0.327     0.268     0.744
    0.091     0.579     0.968     0.435
    0.844     0.926     0.678     0.382
    0.196     0.684     0.387     0.622
    0.231     0.680     0.806     0.150
    0.090     0.268     0.893     0.821
    0.146     0.119     0.003     0.215
    0.647     0.658     0.160     0.903
    0.863     0.180     0.984     0.428
    0.334     0.954     0.760     0.952
    0.060     0.178     0.881     0.438
    0.417     0.257     0.862     0.268
    0.490     0.648     0.937     0.668
    0.044     0.580     0.916     0.830
    0.823     0.191     0.699     0.919
    0.287     0.470     0.848     0.859
    0.784     0.150     0.650     0.832
    0.848     0.118     0.104     0.410
    0.253     0.908     0.296     0.985
    0.827     0.670     0.165     0.159
    0.931     0.317     0.318     0.101
    0.154     0.975     0.897     0.234
    0.455     0.977     0.166     0.596
    0.846     0.743     0.447     0.014
    0.508     0.630     0.893     0.098
    0.982     0.356     0.749     0.997
    0.204     0.235     0.264     0.045
    0.530     0.031     0.905     0.428
    0.457     0.461     0.347     0.223
    0.840     0.611     0.436     0.244
    0.616     0.295     0.588     0.602
    0.133     0.462     0.038     0.035
    0.928     0.640     0.092     0.931
    0.886     0.910     0.996     0.841
    0.688     0.090     0.144     0.259
    0.271     0.217     0.120     0.049
    0.711     0.729     0.678     0.468
    0.716     0.551     0.340     0.114
    0.963     0.332     0.847     0.928
    0.815     0.095     0.794     0.885
    0.728     0.743     0.735     0.887
    0.990     0.614     0.653     0.731
    0.846     0.678     0.703     0.797
    0.291     0.117     0.895     0.824
    0.687     0.003     0.846     0.573
    0.113     0.404     0.554     0.185
    0.285     0.076     0.736     0.401
    0.417     0.100     0.171     0.530
    0.637     0.144     0.843     0.906
    0.293     0.627     0.758     0.496
    0.285     0.138     0.305     0.462
    0.773     0.577     0.255     0.200
    0.286     0.460     0.579     0.101
    0.534     0.399     0.864     0.133
    0.130     0.819     0.475     0.600
    0.552     0.546     0.919     0.646
    0.258     0.189     0.691     0.762
    0.911     0.550     0.816     0.449
    0.321     0.196     0.689     0.121
    0.044     0.094     0.773     0.944
    0.485     0.330     0.554     0.352
    0.018     0.019     0.729     0.418
    0.850     0.147     0.837     0.204
    0.518     0.401     0.693     0.756
    0.833     0.776     0.590     0.384
    0.527     0.744     0.327     0.406
    0.959     0.848     0.940     0.015
    0.064     0.003     0.941     0.713
    0.913     0.549     0.334     0.495
    0.268     0.931     0.568     0.063
    0.161     0.117     0.078     0.405
    0.155     0.680     0.519     0.771
    0.515     0.988     0.456     0.109
    0.798     0.041     0.732     0.783
    0.385     0.758     0.889     0.672
    0.326     0.449     0.761     0.830
    0.158     0.239     0.998     0.095
    0.971     0.426     0.170     0.566
    0.019     0.132     0.543     0.248
    0.170     0.174     0.812     0.062
    0.051     0.685     0.163     0.268
    0.567     0.850     0.726     0.895
    0.445     0.951     0.607     0.615
    0.463     0.771     0.400     0.368
    0.964     0.622     0.009     0.398
    0.427     0.935     0.048     0.179
    0.653     0.446     0.068     0.591
    0.148     0.823     0.620     0.880
    0.677     0.200     0.508     0.783
    0.849     0.244     0.049     0.234
    0.025     0.294     0.195     0.657
    0.994     0.489     0.065     0.595
    0.253     0.958     0.110     0.074
    0.749     0.680     0.893     0.158
    0.841     0.401     0.126     0.961
    0.529     0.989     0.224     0.746
    0.966     0.206     0.189     0.732
    0.895     0.815     0.450     0.238
    0.241     0.920     0.109     0.645
    0.247     0.235     0.409     0.173
    0.678     0.501     0.193     0.520
    0.047     0.426     0.181     0.086
    0.053     0.888     0.828     0.307
    0.784     0.582     0.877     0.052
    0.304     0.750     0.788     0.066
    0.883     0.199     0.564     0.238
    0.847     0.124     0.120     0.673
    0.049     0.094     0.359     0.529
    0.638     0.726     0.595     0.552
    0.083     0.685     0.153     0.776
    0.032     0.136     0.573     0.980
    0.516     0.816     0.717     0.450
    0.743     0.820     0.566     0.505
    0.803     0.626     0.019     0.130
    0.668     0.650     0.750     0.139
    0.661     0.716     0.744     0.109
    0.115     0.299     0.442     0.339
    0.575     0.197     0.983     0.595
    0.006     0.607     0.333     0.556
    0.555     0.522     0.423     0.050
    0.119     0.298     0.342     0.989
    0.499     0.923     0.924     0.361
    0.783     0.167     0.573     0.674
    0.656     0.444     0.883     0.317
    0.920     0.770     0.743     0.325
    0.283     0.495     0.968     0.727
    0.350     0.289     0.103     0.300
    0.515     0.905     0.811     0.526
    0.513     0.634     0.203     0.152
    0.801     0.012     0.557     0.127
    0.447     0.584     0.179     0.130
    0.387     0.102     0.029     0.062
    0.498     0.307     0.873     0.772
    0.141     0.781     0.803     0.840
    0.431     0.491     0.070     0.905
    0.033     0.947     0.396     0.881
    0.725     0.546     0.581     0.599
    0.268     0.526     0.558     0.138
    0.800     0.714     0.110     0.738
    0.910     0.187     0.817     0.139
    0.530     0.408     0.494     0.690
    0.202     0.671     0.189     0.297
    0.140     0.634     0.161     0.259
    0.156     0.173     0.580     0.557
    0.299     0.882     0.719     0.161
    0.015     0.567     0.408     0.278
    0.657     0.815     0.281     0.518
    0.787     0.567     0.002     0.098
    0.793     0.317     0.975     0.496
    0.424     0.996     0.988     0.165
    0.707     0.564     0.629     0.149
    0.371     0.863     0.737     0.210
    0.735     0.670     0.744     0.457
    0.670     0.750     0.236     0.152
    0.615     0.326     0.565     0.517
    0.064     0.402     0.893     0.567
    0.033     0.857     0.719     0.868
    0.855     0.457     0.853     0.706
    0.692     0.562     0.021     0.482
    0.215     0.063     0.425     0.758
    0.321     0.950     0.733     0.169
    0.487     0.991     0.700     0.969
    0.832     0.102     0.318     0.265
    0.079     0.896     0.503     0.211
    0.929     0.112     0.753     0.222
    0.088     0.784     0.569     0.606
    0.349     0.780     0.346     0.591
    0.940     0.564     0.843     0.771
    0.545     0.261     0.513     0.576
    0.478     0.032     0.252     0.213
    0.780     0.310     0.134     0.570
    0.859     0.860     0.206     0.637
    0.565     0.788     0.972     0.959
    0.132     0.653     0.572     0.541
    0.688     0.481     0.433     0.918
    0.852     0.628     0.045     0.276
    0.771     0.398     0.889     0.558
    0.711     0.249     0.430     0.141
    0.200     0.491     0.559     0.563
    0.724     0.059     0.351     0.765
    0.864     0.288     0.847     0.323
    0.337     0.996     0.941     0.419
    0.651     0.025     0.477     0.374
    0.080     0.503     0.653     0.522
    0.683     0.852     0.901     0.542
    0.894     0.394     0.101     0.331
    0.425     0.094     0.885     0.660
    0.559     0.149     0.153     0.236
    0.419     0.424     0.438     0.000
    0.753     0.756     0.420     0.379
    0.420     0.404     0.781     0.898
    0.976     0.500     0.907     0.434
    0.139     0.659     0.352     0.808
    0.113     0.033     0.054     0.453
    0.175     0.539     0.127     0.939
    0.281     0.735     0.688     0.280
    0.504     0.700     0.159     0.125
    0.476     0.258     0.455     0.579
    0.670     0.896     0.662     0.236
    0.377     0.646     0.396     0.569
    0.201     0.516     0.305     0.748
    0.298     0.314     0.549     0.359
    0.956     0.473     0.853     0.676
    0.666     0.237     0.208     0.540
    0.946     0.170     0.936     0.367
    0.628     0.422     0.428     0.392
    0.659     0.298     0.318     0.090
    0.462     0.036     0.943     0.714
    0.607     0.663     0.553     0.248
    0.777     0.905     0.977     0.102
    0.370     0.733     0.378     0.830
    0.953     0.036     0.970     0.586
    0.298     0.899     0.206     0.906
    0.724     0.926     0.321     0.634
    0.353     0.383     0.223     0.639
    0.415     0.815     0.420     0.167
    0.074     0.022     0.478     0.972
    0.284     0.851     0.927     0.455
    0.892     0.654     0.585     0.306
    0.461     0.845     0.690     0.554
    0.530     0.758     0.744     0.896
    0.704     0.254     0.684     0.065
    0.075     0.057     0.637     0.908
    0.029     0.490     0.872     0.056
    0.805     0.102     0.512     0.350
    0.745     0.089     0.954     0.439
    0.093     0.637     0.743     0.538
    0.329     0.553     0.482     0.433
    0.291     0.859     0.312     0.226
    0.904     0.995     0.113     0.996
    0.807     0.978     0.052     0.750
    0.274     0.835     0.468     0.924
    0.419     0.078     0.938     0.980
    0.430     0.164     0.167     0.892
    0.343     0.522     0.800     0.910
    0.509     0.673     0.075     0.283
    0.383     0.800     0.532     0.387
    0.396     0.287     0.796     0.645
    0.772     0.202     0.265     0.848
    0.712     0.045     0.038     0.733
    0.867     0.131     0.124     0.975
    0.201     0.297     0.295     0.291
    0.378     0.545     0.819     0.095
    0.281     0.887     0.217     0.894
    0.395     0.664     0.687     0.749
    0.330     0.790     0.951     0.483
    0.948     0.102     0.993     0.216
    0.006     0.661     0.147     0.030
    0.562     0.873     0.792     0.271
    0.182     0.763     0.170     0.087
    0.883     0.560     0.308     0.989
    0.274     0.164     0.447     0.525
    0.616     0.669     0.829     0.134
    0.995     0.946     0.460     0.780
    0.483     0.943     0.048     0.452
    0.467     0.489     0.604     0.196
    0.482     0.029     0.362     0.396
    0.520     0.664     0.792     0.531
    0.624     0.403     0.224     0.099
    0.805     0.898     0.567     0.671
    0.176     0.421     0.568     0.396
    0.480     0.171     0.367     0.027
    0.611     0.963     0.114     0.416
    0.114     0.078     0.451     0.718
    0.344     0.596     0.107     0.813
    0.998     0.864     0.261     0.899
    0.156     0.622     0.267     0.485
    0.230     0.961     0.520     0.834
    0.115     0.406     0.382     0.088
    0.164     0.595     0.577     0.749
    0.409     0.776     0.558     0.691
    0.822     0.523     0.854     0.009
    0.859     0.166     0.120     0.961
    0.866     0.857     0.030     0.381
    0.131     0.022     0.479     0.297
    0.088     0.361     0.983     1.000
    0.114     0.203     0.767     0.365
    0.034     0.278     0.798     0.343
    0.365     0.444     0.054     0.356
    0.868     0.187     0.967     0.907
    0.467     0.727     0.353     0.087
    0.679     0.333     0.584     0.382
    0.063     0.810     0.355     0.064
    0.703     0.151     0.171     0.338
    0.282     0.817     0.354     0.938
    0.508     0.316     0.095     0.153
    0.055     0.873     0.760     0.148
    0.813     0.923     0.060     0.727
    0.795     0.280     0.651     0.412
    0.299     0.474     0.614     0.235
    0.307     0.362     0.284     0.969
    0.394     0.011     0.513     0.456
    0.020     0.676     0.827     0.867
    0.070     0.528     0.992     0.922
    0.478     0.125     0.401     0.751
    0.873     0.291     0.049     0.461
    0.934     0.668     0.572     0.699
    0.154     0.233     0.142     0.185
    0.882     0.462     0.595     0.427
    0.975     0.276     0.473     0.108
    0.222     0.995     0.952     0.300
    0.695     0.291     0.523     0.944
    0.385     0.173     0.417     0.924
    0.165     0.258     0.464     0.465
    0.221     0.099     0.927     0.036
    0.495     0.376     0.332     0.069
    0.034     0.378     0.837     0.927
    0.610     0.009     0.654     0.310
    0.549     0.831     0.004     0.606
    0.450     0.244     0.123     0.526
    0.005     0.835     0.417     0.540
    0.917     0.170     0.094     0.882
    0.089     0.139     0.269     0.020
    0.527     0.585     0.514     0.600
    0.662     0.562     0.962     0.352
    0.222     0.271     0.571     0.616
    0.101     0.771     0.103     0.575
    0.765     0.552     0.015     0.225
    0.314     0.770     0.387     0.432
    0.501     0.231     0.939     0.481
    0.808     0.590     0.370     0.208
    0.235     0.336     0.175     0.884
    0.753     0.897     0.897     0.137
    0.043     0.974     0.168     0.468
    0.496     0.145     0.745     0.271
    0.193     0.261     0.697     0.760
    0.564     0.506     0.031     0.084
    0.178     0.066     0.738     0.970
    0.991     0.987     0.656     0.108
    0.968     0.227     0.323     0.831
    0.689     0.721     0.124     0.220
    0.563     0.732     0.695     0.292
    0.200     0.059     0.877     0.440
    0.657     0.393     0.320     0.573
    0.322     0.221     0.899     0.351
    0.745     0.500     0.287     0.637
    0.774     0.736     0.487     0.943
    0.030     0.741     0.963     0.810
    0.379     0.718     0.462     0.087
    0.597     0.942     0.450     0.157
    0.900     0.797     0.001     0.327
    0.672     0.557     0.190     0.321
    0.727     0.994     0.778     0.090
    0.008     0.472     0.494     0.065
    0.790     0.781     0.208     0.980
    0.257     0.819     0.522     0.171
    0.141     0.636     0.538     0.984
    0.314     0.738     0.578     0.988
    0.900     0.214     0.535     0.579
    0.815     0.572     0.771     0.726
    0.614     0.542     0.565     0.550
    0.039     0.622     0.014     0.059
    0.392     0.829     0.403     0.222
    0.910     0.650     0.648     0.926
    0.174     0.051     0.286     0.186
    0.443     0.488     0.789     0.864
    0.050     0.342     0.702     0.325
    0.023     0.866     0.914     0.474
    0.538     0.638     0.408     0.479
    0.643     0.577     0.260     0.422
    0.589     0.036     0.406     0.663
    0.241     0.499     0.685     0.055
    0.835     0.414     0.551     0.971
    0.665     0.278     0.902     0.340
    0.078     0.715     0.620     0.605
    0.013     0.102     0.580     0.534
    0.410     0.551     0.740     0.988
    0.663     0.054     0.129     1.000
    0.590     0.252     0.089     0.535
    0.745     0.830     0.752     0.774
    0.643     0.580     0.244     0.303
    0.751     0.307     0.858     0.147
    0.012     0.830     0.022     0.478
    0.591     0.025     0.932     0.602
    0.671     0.001     0.577     0.671
    0.240     0.334     0.054     0.705
    0.918     0.830     0.586     0.144
    0.641     0.663     0.660     0.338
    0.051     0.283     0.244     0.904
    0.580     0.802     0.590     0.102
    0.214     0.592     0.632     0.612
    0.235     0.805     0.617     0.564
    0.899     0.905     0.806     0.194
    0.004     0.139     0.239     0.860
    0.164     0.922     0.969     0.826
    0.533     0.805     0.585     0.629
    0.931     0.584     0.088     0.829
    0.290     0.510     0.386     0.678
    0.582     0.505     0.102     0.018
    0.913     0.817     0.310     0.719
    0.976     0.812     0.722     0.116
    0.787     0.980     0.951     0.961
    0.549     0.951     0.902     0.920
    0.316     0.082     0.755     0.487
    0.522     0.246     0.666     0.843
    0.071     0.812     0.757     0.052
    0.578     0.653     0.317     0.859
    0.742     0.491     0.469     0.627
    0.153     0.718     0.302     0.192
    0.173     0.940     0.698     0.253
    0.086     0.722     0.891     0.599
    0.489     0.402     0.804     0.646
    0.522     0.011     0.648     0.470
    0.264     0.593     0.823     0.405
    0.766     0.842     0.246     0.140
    0.907     0.509     0.332     0.715
    0.888     0.059     0.226     0.635
    0.523     0.061     0.999     0.924
    0.536     0.609     0.783     0.890
    0.056     0.026     0.011     0.586
    0.064     0.578     0.037     0.659
    1.000     0.327     0.171     0.860
    0.132     0.766     0.169     0.417
    0.136     0.038     0.274     0.501
    0.425     0.023     0.098     0.501
    0.987     0.948     0.084     0.097
    0.453     0.524     0.557     0.867
    0.227     0.509     0.549     0.568
    0.446     0.290     0.087     0.586
    0.675     0.445     0.617     0.258
    0.288     0.806     0.211     0.786
    0.986     0.423     0.845     0.485
    0.040     0.411     0.447     0.942
    0.398     0.027     0.359     0.531
    0.485     0.851     0.550     0.917
    0.685     0.711     0.360     0.099
    0.706     0.131     0.001     0.448
    0.405     0.381     0.576     0.619
    0.272     0.693     0.187     0.787
    0.974     0.258     0.116     0.032
    0.093     0.014     0.670     0.562
    0.946     0.491     0.040     0.029
    0.690     0.430     0.342     0.591
    0.150     0.375     0.142     0.703
    0.762     0.856     0.506     0.143
    0.869     0.167     0.237     0.082
    0.455     0.141     0.859     0.423
    0.537     0.429     0.399     0.975
    0.098     0.631     0.443     0.069
    0.074     0.044     0.122     0.483
    0.167     0.764     0.474     0.464
    0.759     0.317     0.139     0.616
    0.728     0.520     0.173     0.645
    0.833     0.597     0.687     0.410
    0.521     0.288     0.738     0.546
    0.206     0.059     0.718     0.137
    0.643     0.304     0.690     0.160
    0.276     0.717     0.348     0.812
    0.438     0.443     0.481     0.822
    0.266     0.197     0.760     0.620
    0.343     0.993     0.717     0.933
    0.951     0.176     0.590     0.404
    0.464     0.472     0.465     0.327
    0.342     0.670     0.531     0.182
    0.032     0.986     0.974     0.220
    0.144     0.308     0.703     0.322
    0.804     0.582     0.751     0.183
    0.444     0.069     0.779     0.511
    0.900     0.787     0.062     0.496
    0.979     0.851     0.964     0.652
    0.610     0.443     0.323     0.428
    0.074     0.952     0.113     0.854
    0.410     0.106     0.938     0.088
    0.824     0.554     0.414     0.641
    0.676     0.628     0.136     0.165
    0.411     0.121     0.697     0.915
    0.411     0.311     0.908     0.759
    0.300     0.390     0.162     0.872
    0.339     0.910     0.833     0.485
    0.034     0.414     0.862     0.946
    0.440     0.444     0.520     0.800
    0.100     0.264     0.997     0.934
    0.048     0.776     0.892     0.133
    0.348     0.459     0.897     0.589
    0.677     0.759     0.770     0.805
    0.417     0.976     0.149     0.932
    0.928     0.756     0.886     0.982
    0.548     0.962     0.169     0.748
    0.624     0.989     0.406     0.689
    0.537     0.724     0.253     0.403
    0.734     0.585     0.500     0.145
    0.202     0.082     0.043     0.397
    0.744     0.879     0.840     0.813
    0.971     0.161     0.855     0.989
    0.489     0.899     0.917     0.741
    0.775     0.037     0.861     0.086
    0.670     0.399     0.026     0.267
    0.424     0.206     0.122     0.279
    0.019     0.158     0.791     0.622
    0.647     0.221     0.240     0.834
    0.069     0.391     0.099     0.080
    0.696     0.040     0.552     0.954
    0.555     0.185     0.938     0.469
    0.066     0.330     0.222     0.799
    0.527     0.736     0.729     0.248
    0.473     0.951     0.942     0.851
    0.567     0.492     0.109     0.733
    0.429     0.214     0.712     0.349
    0.766     0.498     0.606     0.812
    0.627     0.461     0.538     0.158
    0.275     0.182     0.646     0.476
    0.117     0.341     0.512     0.868
    0.091     0.643     0.077     0.241
    0.752     0.564     0.594     0.019
    0.052     0.320     0.056     0.703
    0.580     0.480     0.534     0.768
    0.298     0.346     0.978     0.140
    0.992     0.925     0.807     0.516
    0.322     0.267     0.108     0.453
    0.860     0.438     0.609     0.620
    0.705     0.952     0.082     0.686
    0.379     0.457     0.516     0.676
    0.340     0.431     0.777     0.572
    0.451     0.919     0.911     0.311
    0.405     0.749     0.265     0.889
    0.525     0.397     0.675     0.072
    0.402     0.847     0.664     0.783
    0.958     0.262     0.285     0.273
    0.042     0.663     0.214     0.367
    0.301     0.421     0.120     0.730
    0.208     0.641     0.852     0.897
    0.652     0.659     0.560     0.763
    0.896     0.057     0.409     0.825
    0.866     0.421     0.454     0.084
    0.391     0.268     0.268     0.119
    0.919     0.350     0.531     0.553
    0.475     0.962     0.013     0.745
    0.030     0.776     0.383     0.133
    0.999     0.238     0.417     0.235
    0.802     0.651     0.898     0.977
    0.391     0.699     0.708     0.307
    0.282     0.257     0.120     0.163
    0.941     0.673     0.525     0.388
    0.801     0.860     0.023     0.056
    0.169     0.276     0.822     0.036
    0.441     0.199     0.052     0.205
    0.446     0.439     0.437     0.469
    0.642     0.248     0.090     0.335
    0.962     0.033     0.947     0.799
    0.455     0.243     0.290     0.067
    0.871     0.396     0.916     0.815
    0.975     0.672     0.256     0.939
    0.283     0.144     0.948     0.078
    0.468     0.724     0.343     1.000
    0.115     0.915     0.164     0.780
    0.052     0.757     0.163     0.254
    0.176     0.014     0.790     0.109
    0.895     0.631     0.257     0.080
    0.113     0.766     0.026     0.174
    0.360     0.088     0.438     0.282
    0.385     0.643     0.232     0.386
    0.355     0.854     0.368     0.575
    0.785     0.470     0.768     0.531
    0.040     0.837     0.228     0.931
    0.097     0.216     0.852     0.018
    0.283     0.992     0.847     0.109
    0.155     0.396     0.758     0.873
    0.581     0.515     0.484     0.195
    0.290     0.967     0.159     0.715
    0.057     0.645     0.820     0.526
    0.520     0.842     0.115     0.589
    0.361     0.560     0.680     0.343
    0.640     0.458     0.777     0.531
    0.497     0.923     0.450     0.624
    0.403     0.652     0.318     0.208
    0.517     0.984     0.167     0.802
    0.852     0.807     0.951     0.326
    0.360     0.909     0.452     0.771
    0.910     0.880     0.752     0.567
    0.962     0.270     0.440     0.431
    0.840     0.602     0.728     0.217
    0.386     0.337     0.525     0.178
    0.644     0.789     0.989     0.843
    0.482     0.161     0.774     0.157
    0.496     0.334     0.969     0.725
    0.987     0.856     0.244     0.420
    0.426     0.897     0.736     0.995
    0.393     0.389     0.167     0.176
    0.074     0.234     0.991     0.895
    0.359     0.460     0.571     0.516
    0.717     0.003     0.249     0.560
    0.747     0.199     0.165     0.023
    0.554     0.243     0.533     0.133
    0.772     0.541     0.099     0.777
    0.012     0.199     0.438     0.835
    0.501     0.405     0.588     0.605
    0.095     0.574     0.639     0.579
    0.769     0.454     0.034     0.209
    0.306     0.486     0.457     0.283
    0.755     0.053     0.685     0.622
    0.995     0.309     0.296     0.218
    0.231     0.768     0.850     0.395
    0.893     0.242     0.967     0.288
    0.133     0.394     0.647     0.554
    0.495     0.228     0.968     0.286
    0.286     0.265     0.682     0.002
    0.760     0.591     0.750     0.139
    0.653     0.515     0.644     0.435
    0.336     0.649     0.824     0.940
    0.962     0.566     0.416     0.674
    0.937     0.855     0.809     0.383
